00000000000000000000000000000000
00100000001000000000000000000100

00000000000000000000000000000100
00100000001000001111111111111000

00000000000000000000000000001000
00100000010000010000000000001000

00000000000000000000000000001100
00000000000000010001000000100000

00000000000000000000000000010000
00100000000000100000000000000010

00000000000000000000000000010100
00000000010000010001100000100010

00000000000000000000000000011000
00000000000000110010000000101010

00000000000000000000000000011100
00101000011001001111111111111011

00000000000000000000000000100000
00000000000001000010100000101010
